#Sun Mar 10 11:37:26 2013
# einstein coefficents for emission
      12
0.00000e+00
0.00000e+00
0.00000e+00
0.00000e+00
0.00000e+00
0.00000e+00
0.00000e+00
0.00000e+00
0.00000e+00
0.00000e+00
0.00000e+00
0.00000e+00
4.69900e+08
0.00000e+00
0.00000e+00
0.00000e+00
0.00000e+00
0.00000e+00
0.00000e+00
0.00000e+00
0.00000e+00
0.00000e+00
0.00000e+00
0.00000e+00
5.57500e+07
4.41000e+07
0.00000e+00
0.00000e+00
0.00000e+00
0.00000e+00
0.00000e+00
0.00000e+00
0.00000e+00
0.00000e+00
0.00000e+00
0.00000e+00
1.27800e+07
8.41900e+06
8.98600e+06
0.00000e+00
0.00000e+00
0.00000e+00
0.00000e+00
0.00000e+00
0.00000e+00
0.00000e+00
0.00000e+00
0.00000e+00
4.12500e+06
2.53000e+06
2.20100e+06
2.69900e+06
0.00000e+00
0.00000e+00
0.00000e+00
0.00000e+00
0.00000e+00
0.00000e+00
0.00000e+00
0.00000e+00
1.64400e+06
9.73200e+05
7.78300e+05
7.71100e+05
1.02500e+06
0.00000e+00
0.00000e+00
0.00000e+00
0.00000e+00
0.00000e+00
0.00000e+00
0.00000e+00
7.56800e+05
4.38900e+05
3.35800e+05
3.04100e+05
3.25300e+05
4.56100e+05
0.00000e+00
0.00000e+00
0.00000e+00
0.00000e+00
0.00000e+00
0.00000e+00
3.86900e+05
2.21500e+05
1.65100e+05
1.42400e+05
1.38800e+05
1.56100e+05
2.27200e+05
0.00000e+00
0.00000e+00
0.00000e+00
0.00000e+00
0.00000e+00
2.14300e+05
1.21600e+05
8.90500e+04
7.45900e+04
6.90800e+04
7.06500e+04
8.23700e+04
1.23300e+05
0.00000e+00
0.00000e+00
0.00000e+00
0.00000e+00
1.26300e+05
7.12200e+04
5.15600e+04
4.23500e+04
3.80000e+04
3.68800e+04
3.90500e+04
4.67600e+04
7.14100e+04
0.00000e+00
0.00000e+00
0.00000e+00
7.83400e+04
4.39700e+04
3.15600e+04
2.55600e+04
2.24600e+04
2.11000e+04
2.11700e+04
2.30100e+04
2.81200e+04
4.37700e+04
0.00000e+00
0.00000e+00
5.06600e+04
2.83400e+04
2.02100e+04
1.62000e+04
1.40200e+04
1.28800e+04
1.25000e+04
1.28700e+04
1.42700e+04
1.77400e+04
2.79900e+04
0.00000e+00
